epoch_num: 3, lr: 3e-05, batch_size: 16, eval_acc: 0.7990196078431373
epoch_num: 2, lr: 0.0001, batch_size: 8, eval_acc: 0.8627450980392157
epoch_num: 1, lr: 0.0001, batch_size: 4, eval_acc: 0.8259803921568627
epoch_num: 5, lr: 2e-05, batch_size: 32, eval_acc: 0.803921568627451
